0.000
1.334
3.452
0.785
0.039
1.059
0.785
0.706
0.275
0.628
0.039
-0.745
0.353
0.628
0.981
1.765
1.648
2.040
0.628
0.745
-1.412
-3.844
-0.628
-1.569
-0.628
0.275
0.941
-0.078
-0.039
1.020
-1.648
0.000
-2.079
0.785
-1.020
0.981
-0.588
-0.392
-1.255
0.902
-1.216
-0.275
-0.588
-1.098
-1.491
-1.569
-2.079
-2.667
-2.511
-2.275
-3.295
-6.433
-1.177
-0.902
0.118
-0.588
-1.059
-1.491
0.000
-0.078
-1.648
0.785
4.040
3.923
3.766
4.197
3.570
2.354
3.727
2.824
2.432
3.570
2.746
2.942
3.727
5.217
5.256
4.629
3.295
2.785
5.217
5.884
7.728
7.806
6.669
0.981
3.177
-2.942
0.314
0.000
-2.197
-7.296
-4.707
-0.039
2.589
-0.235
0.667
15.102
-0.392
-2.236
-2.432
-1.530
-2.157
-1.765
-2.354
3.138
3.020
8.826
9.728
10.160
9.650
9.767
9.061
8.944
7.924
9.336
8.983
7.532
7.414
8.669
9.532
9.257
7.375
4.040
2.550
4.001
6.747
5.060
5.688
5.217
5.099
5.178
5.139
4.903
5.923
5.570
5.178
4.903
4.746
4.119
5.217
4.040
5.256
4.982
5.492
7.257
6.472
9.179
8.081
7.335
2.157
-5.139
-1.138
0.981
-1.804
-5.649
-2.471
0.078
1.373
0.353
-0.314
-1.530
-0.510
-0.785
0.196
0.118
-0.863
-0.941
-0.078
5.531
7.218
6.629
5.766
5.531
-2.001
-0.667
0.196
-2.746
-0.667
0.039
-0.981
2.236
0.275
0.745
0.235
0.471
0.863
-0.078
-0.118
-0.157
0.039
1.177
2.550
1.883
1.648
1.059
1.451
1.608
1.726
2.864
3.727
3.295
2.746
3.727
3.138
3.766
3.923
4.393
4.433
3.962
4.119
3.727
3.923
4.040
3.687
3.923
3.923
3.609
3.844
3.373
4.276
3.766
3.373
3.962
3.687
3.295
3.334
3.256
3.530
3.295
3.217
3.844
0.667
-2.079
-4.040
-4.158
-5.217
-3.609
-4.315
-3.609
-3.060
-2.785
-2.707
-2.824
-2.707
-2.511
-2.628
-2.001
-2.040
-3.177
-0.863
-1.020
-0.667
-0.588
-0.667
-0.785
-0.392
-0.667
-0.824
-0.392
-0.471
-0.471
-0.471
0.000
0.196
-0.510
0.078
-0.824
0.941
1.412
1.020
-0.824
-1.138
-0.314
-3.648
-4.119
-3.413
-3.844
-4.354
-3.530
-3.648
-3.962
-3.609
-3.766
-3.727
-3.923
-3.413
-3.530
-4.158
-3.609
-3.256
-3.138
-3.727
-3.060
-2.432
-2.667
-2.903
-2.354
-2.550
-2.628
-2.707
-2.471
-2.314
-2.157
-1.883
-2.354
-2.628
-2.314
-2.197
-2.354
-2.275
-2.079
-2.314
-2.432
-2.197
-2.393
-1.961
-1.648
-1.451
-1.334
-1.530
-1.334
-0.941
-2.197
-1.373
-1.569
-1.138
-1.059
-0.941
-0.941
-0.824
-1.059
-1.059
-1.098
-1.098
-1.177
-1.020
-1.138
-1.255
-1.216
2.354
-1.883
-3.373
-3.570
-0.118
0.785
1.294
-0.981
-0.157
1.098
1.294
1.138
2.275
1.569
1.138
1.098
1.177
1.059
1.177
1.138
1.177
1.138
1.138
1.138
1.059
1.177
1.138
1.138
1.098
1.138
1.138
1.138
1.177
1.138
1.177
1.098
1.216
1.098
1.138
1.138
1.216
1.138
1.216
1.177
1.098
1.098
1.098
1.177
1.138
1.138
1.098
1.138
1.177
1.098
1.177
1.138
1.177
1.177
1.138
1.138
1.138
1.177
1.138
1.138
1.177
1.255
1.177
1.098
1.648
-5.296
-7.885
-6.904
-9.964
-16.004
-8.434
-5.296
-3.020
-1.648
-2.511
-2.824
-6.590
-7.924
-8.708
-10.238
-9.689
-8.904
-9.022
-9.257
-9.022
-9.375
-9.022
-9.885
-9.297
-9.728
-9.650
-9.571
-9.571
-9.728
-9.336
-9.611
-9.336
-9.179
-9.061
-8.983
-9.022
-8.944
-8.826
-8.983
-9.022
-9.257
-9.061
-9.179
-8.865
-9.257
-9.454
-9.179
-8.983
-9.140
-9.257
-9.140
-9.140
-9.493
-9.297
-10.120
-8.904
-8.904
-9.493
-7.728
-3.373
-0.118
-7.532
-8.355
-9.140
-9.375
-8.826
-9.964
-8.198
-5.413
-3.883
-4.472
-4.511
-4.433
-4.393
-5.217
-5.021
-4.864
-5.060
-5.099
-4.746
-4.982
-4.707
-4.668
-4.943
-4.119
-4.158
-5.060
-4.943
-5.335
-5.570
-5.099
-4.786
-4.276
-5.060
-4.943
-4.746
-6.198
-4.903
-5.766
-4.746
-5.413
-5.060
-5.256
-5.099
-4.864
-4.982
-4.982
-5.609
-4.903
-4.590
-4.668
-4.943
-5.060
-4.668
-4.786
-4.354
-4.197
-4.511
-5.060
-4.943
-5.178
-4.746
-4.236
-4.040
-4.315
-4.236
-4.158
-3.923
-3.020
-2.981
-2.511
-12.317
-6.551
-10.748
-0.118
8.120
8.630
3.570
-2.667
1.412
3.295
2.589
0.510
0.902
1.059
0.941
1.059
0.981
0.981
0.981
1.020
0.941
0.941
1.020
0.981
0.981
0.981
0.981
1.020
1.020
0.981
1.020
0.941
0.981
0.981
0.981
0.981
1.020
0.981
1.020
1.020
1.020
0.981
0.981
0.981
0.981
1.059
1.059
0.981
1.098
0.981
0.941
1.059
1.059
0.941
0.981
0.941
1.020
1.020
1.020
0.941
0.981
0.981
1.020
1.020
0.902
1.059
1.059
1.020
1.020
1.020
0.981
0.941
1.020
1.020
0.941
0.981
1.020
1.020
0.941
1.020
0.941
0.981
0.981
0.941
0.941
1.020
0.981
0.981
0.941
1.059
0.981
0.981
0.981
0.981
-1.804
-4.707
-2.118
-3.570
-6.041
-7.688
-7.532
-6.394
-4.629
-3.609
-2.197
-7.610
-7.532
7.728
13.062
11.140
8.277
10.395
10.709
10.866
7.885
12.670
8.865
7.806
8.512
8.591
8.669
8.551
9.611
10.434
9.532
7.414
10.395
7.885
8.904
8.787
7.610
8.355
7.688
7.610
7.492
7.649
7.688
7.610
8.277
8.238
8.198
8.198
7.845
8.316
8.355
8.512
8.630
8.041
9.218
8.944
8.551
8.826
8.512
8.669
9.101
8.669
9.375
9.689
7.453
8.944
8.238
7.963
8.198
7.885
7.885
8.316
7.375
7.806
8.198
7.492
8.512
8.591
8.826
8.394
8.630
8.394
9.218
8.473
8.826
8.826
8.787
8.748
9.022
8.630
8.630
9.493
9.022
8.865
8.787
9.061
9.022
9.022
9.218
9.297
8.826
9.022
8.983
8.669
8.865
9.101
9.532
8.394
8.983
8.983
6.315
9.807
8.904
9.218
9.454
9.493
9.611
9.179
9.257
9.101
9.454
8.983
9.297
9.454
8.865
8.865
9.375
8.591
9.061
9.493
9.101
9.493
8.551
8.277
0.471
0.235
0.275
-0.078
-5.217
-3.648
0.667
6.394
-0.549
1.687
2.040
1.020
0.706
1.138
1.059
1.138
1.098
1.098
1.177
1.177
1.059
1.177
1.098
1.098
1.059
1.020
1.177
1.138
0.981
1.059
1.098
1.059
1.138
1.138
1.098
1.098
1.059
1.138
1.098
1.098
1.098
1.098
1.138
1.098
1.098
1.059
1.138
1.059
1.059
1.098
1.177
0.981
1.059
1.098
1.098
1.098
1.098
1.098
1.138
1.098
1.098
1.059
1.059
1.098
1.098
1.098
1.138
1.098
1.138
1.098
1.098
1.138
1.098
1.059
1.138
1.138
1.138
1.138
1.177
1.177
1.138
1.098
1.138
1.098
1.098
1.177
1.098
1.177
1.216
1.059
1.020
1.138
1.098
1.059
1.059
1.138
1.138
1.059
1.138
1.138
1.020
0.941
1.059
1.059
1.138
1.098
1.138
1.138
1.177
1.098
1.138
1.098
1.098
1.098
1.138
1.138
1.138
0.981
1.098
1.059
1.138
1.138
1.059
1.059
1.098
1.138
1.138
1.098
1.177
1.059
1.098
1.098
1.177
1.098
1.098
1.138
1.138
1.098
1.138
1.138
1.098
1.098
0.981
1.177
1.138
1.138
1.059
1.098
1.177
3.060
1.726
-6.943
-6.119
-6.629
-10.748
-13.494
1.608
-1.804
7.688
4.982
3.805
5.335
7.453
7.139
6.237
5.570
5.492
4.590
3.923
3.805
3.217
3.138
2.785
3.648
3.491
2.981
3.295
2.432
3.020
2.393
2.001
2.707
2.628
2.471
2.628
2.393
2.471
2.393
2.471
2.550
1.922
1.569
4.943
5.413
7.335
7.061
3.256
4.864
5.021
4.472
4.433
3.962
4.119
2.628
-2.432
3.099
3.060
2.432
2.903
2.236
3.020
2.667
2.550
2.864
3.256
3.334
3.373
3.256
3.138
3.256
3.334
3.217
3.570
3.256
3.413
2.903
3.923
3.491
3.491
3.687
3.256
3.687
2.432
2.589
3.217
3.217
2.981
3.256
3.373
3.217
3.413
3.060
3.334
3.217
2.942
3.177
3.217
3.138
4.001
2.903
3.570
2.903
3.099
3.373
2.785
2.864
3.177
2.785
3.923
3.883
3.962
4.001
3.687
4.080
4.276
4.236
3.177
3.609
3.570
3.962
3.883
3.413
2.746
-0.785
-0.157
2.903
0.667
2.001
3.805
4.354
6.512
8.669
8.159
8.002
8.826
8.669
6.629
2.550
2.197
2.393
6.276
12.043
16.279
17.417
-0.392
3.177
1.804
5.845
2.040
4.158
3.923
3.923
5.256
4.668
5.688
3.452
3.609
3.883
4.119
3.452
3.923
4.746
3.609
5.492
4.629
7.022
6.904
9.140
5.256
4.943
5.766
5.256
5.609
1.491
-0.471
3.099
15.102
2.236
9.297
9.807
7.885
8.551
14.828
4.550
9.571
12.003
6.002
9.493
10.003
8.238
8.198
8.669
7.139
7.767
11.925
9.375
7.218
10.474
5.099
5.688
0.118
-0.941
-2.236
-3.020
-2.824
-2.197
-0.628
-1.451
-0.235
-1.608
3.177
9.493
13.415
6.708
9.101
10.670
8.434
8.787
8.473
8.748
8.983
7.100
9.571
7.571
7.924
10.787
5.570
4.943
5.413
9.650
9.101
9.140
9.650
8.826
9.650
9.179
9.454
10.670
8.708
9.061
9.454
9.924
11.768
10.120
8.748
9.414
8.355
8.669
10.199
11.062
9.532
9.257
7.688
6.982
6.433
6.747
6.276
5.649
4.825
1.098
1.373
2.511
2.903
3.373
3.413
1.922
1.138
1.373
0.981
0.941
0.078
0.863
-0.314
-0.118
-0.078
2.001
1.412
-0.353
-0.706
-0.510
1.687
4.550
3.373
5.021
3.727
1.216
2.511
0.785
1.020
-0.667
-0.039
-0.118
0.314
0.785
0.706
0.824
0.863
0.863
0.785
0.941
0.902
1.098
0.785
0.628
0.706
0.471
0.706
0.667
0.667
0.706
0.588
0.628
0.785
0.628
0.981
0.314
0.353
0.628
0.314
0.078
-0.353
0.039
0.196
0.628
0.941
0.981
1.765
2.001
1.961
2.511
2.785
2.785
6.472
1.961
3.962
4.315
4.040
4.393
4.040
4.472
4.001
3.648
2.746
2.236
1.569
1.255
1.569
1.569
1.412
1.726
1.491
3.452
3.883
5.178
7.257
7.257
6.982
6.080
6.315
6.825
6.982
5.806
5.609
5.296
5.099
5.178
5.806
4.746
4.158
3.570
3.413
4.040
3.648
4.825
7.414
5.374
6.629
-7.022
4.197
6.119
6.315
6.747
6.472
6.708
6.433
6.159
6.825
6.669
6.315
-8.748
6.002
5.766
5.884
4.668
12.631
6.041
2.785
0.196
-0.745
-0.588
-0.745
-0.667
-0.667
-0.667
-0.706
-0.706
-0.667
-0.628
-0.667
-0.588
-0.706
-0.706
-0.667
-0.667
-0.745
-0.667
-0.706
-0.628
-0.667
-0.628
-0.706
-0.667
-0.745
-0.667
-0.667
-0.667
-0.628
-0.667
-0.706
-0.745
-0.745
-0.706
-0.706
-0.706
-0.588
-0.745
-0.667
-0.628
-0.706
-0.706
-0.667
-0.667
-0.706
-0.628
-0.706
-0.667
-0.745
-0.471
5.256
5.806
5.060
3.687
7.728
7.610
6.904
5.570
2.040
3.766
-0.118
12.709
8.159
2.864
3.648
4.903
3.491
4.236
3.923
3.648
4.197
3.099
2.824
2.393
2.667
2.314
1.687
1.177
0.902
0.078
-1.294
-0.745
-0.745
-1.059
-0.510
0.706
3.844
7.767
9.964
8.826
7.178
9.218
10.199
9.532
11.533
9.454
8.865
9.101
10.120
10.277
9.846
8.316
8.081
1.883
0.510
-2.628
-1.765
-1.569
-1.530
-0.941
-1.059
-1.059
-1.098
-1.098
-0.275
0.157
-1.765
-3.844
-0.588
-1.608
10.160
-1.373
-0.745
-1.726
0.275
-0.314
-1.020
-3.413
-1.844
-2.001
-1.961
-3.177
-0.588
1.765
0.824
-0.118
0.588
-3.138
-4.511
1.294
-0.392
-0.471
-0.431
-1.883
-1.491
-0.745
-3.217
-1.530
1.059
-11.180
-2.393
-1.569
-0.706
-1.138
-1.530
-1.687
-1.177
-1.961
-1.098
-1.059
-1.138
-1.138
-1.138
-1.059
-1.059
-1.138
-0.902
-1.059
-1.020
-1.020
-1.020
-0.588
-0.431
-0.588
-0.588
-0.588
-0.392
-1.726
-0.824
-1.138
-1.294
-1.255
-1.020
-0.941
-1.098
-0.981
-1.020
-1.098
-1.177
3.413
-0.981
-0.981
-1.138
-1.491
-0.431
-0.549
-1.020
-1.216
-0.941
-1.530
-1.373
-1.255
-1.726
-2.157
-3.295
-0.078
-1.883
-0.902
-1.883
-1.608
-1.491
-1.726
-1.569
-1.491
-1.294
-1.334
-1.294
-1.098
-1.491
-1.334
-1.098
-1.098
-1.138
-1.177
-1.098
-1.098
-1.098
-1.294
-1.177
-1.177
-1.294
-0.941
-1.255
-1.648
-0.431
-1.255
-1.530
-1.334
-1.373
-5.452
-1.177
-1.059
-0.863
-0.157
-0.706
-1.412
-1.059
-1.373
-1.412
-1.373
-1.648
-0.941
-1.373
-1.412
-1.255
-1.098
-1.059
-1.020
-1.020
-0.941
-0.785
-1.059
-1.059
-1.255
-1.059
-1.098
-1.138
-1.138
-1.098
-1.138
-0.863
-1.059
-1.020
-1.804
-1.216
-1.491
-1.177
-1.098
-1.138
-1.138
-1.216
-1.373
-1.255
-1.098
-1.138
-1.138
-1.059
-1.098
-1.177
-1.138
-1.098
-1.177
-1.059
-1.138
-1.138
-1.216
-1.138
-1.098
-1.098
-1.138
-1.098
-1.098
-1.098
-1.138
-1.138
-1.138
-1.138
-1.138
-1.098
-1.059
-1.098
-1.059
-1.177
-1.177
-1.138
-1.138
-1.020
-1.138
-1.138
-1.138
-1.098
-1.098
-1.059
-1.098
-1.177
-1.138
-1.020
-1.059
-1.098
-1.059
-1.098
-1.059
-1.020
-1.138
-1.177
-1.138
-1.216
-1.098
-1.098
-1.177
-1.138
-1.177
-1.138
-1.098
-1.059
-1.216
-1.255
-1.098
-1.138
-1.098
-1.216
-1.138
-1.255
-1.098
-0.471
-1.059
-0.667
-1.098
-1.059
-0.392
-0.706
-1.491
-0.745
-0.941
-0.785
-1.020
-0.431
-1.294
-0.863
-0.941
-0.706
-0.824
-0.785
-0.785
-0.902
-0.824
-0.824
-0.588
-0.706
-0.902
-0.902
-1.216
-0.745
-0.157
-0.902
-0.667
0.314
-3.295
-0.314
-0.824
-0.902
-0.902
-0.941
-0.941
-0.902
-1.020
-1.020
-0.981
-0.981
-0.902
-0.941
-0.941
-0.902
-0.902
-0.863
-0.981
-0.941
-0.902
-0.863
-0.863
-0.981
-0.981
-0.863
-0.941
-0.941
-0.941
-0.981
-0.902
-0.863
-0.902
-0.941
-0.863
-0.902
-0.941
-0.941
-0.981
-0.863
-0.902
-0.941
-0.863
-0.981
-0.941
-1.098
-0.902
-0.981
-1.020
-0.941
-1.020
-0.981
-1.020
-0.981
-0.981
-0.902
-0.902
-0.902
-0.902
-0.981
-0.785
-0.941
-0.902
-0.941
-0.824
-0.902
-0.824
-0.941
-0.941
-0.863
-1.020
-0.902
-0.941
-0.863
-0.981
-0.981
-0.941
-0.863
-1.177
-0.902
-0.941
-0.902
-0.941
-1.098
-0.981
-0.941
-0.941
-0.902
-1.020
-1.020
-0.902
-0.941
-1.020
-0.941
-0.981
-1.020
-0.902
-0.941
-0.863
-0.902
-1.020
-0.981
-0.941
-0.824
-0.863
0.000
-1.059
-0.902
-0.981
-0.981
-0.981
-0.863
-0.981
-0.941
-1.687
-0.981
-1.020
-1.098
-0.941
-0.981
-0.863
-1.294
-0.941
-1.020
-1.020
-0.902
-0.902
-0.981
-0.981
-0.824
-0.981
-0.824
-1.216
-0.981
-0.941
-0.902
-2.236
-0.941
-1.844
-0.863
-1.059
-3.256
-0.941
-0.235
-1.687
-0.353
3.530
-1.491
-0.981
-0.941
-0.902
-0.981
-0.667
-0.941
-0.863
-1.059
-0.941
-0.824
-0.902
-0.902
-0.981
-0.981
-0.981
-0.941
-1.059
-0.981
-1.020
-0.941
-0.941
-1.373
-1.020
-0.902
-1.373
-1.098
-1.412
-0.745
-0.824
-0.941
-1.020
-0.981
-0.981
-0.941
-0.981
-0.981
-0.981
-0.941
-0.941
-0.902
-1.020
-0.981
-1.020
-1.098
-1.020
-0.941
-1.059
-0.981
-0.981
-0.902
-0.941
-0.941
-1.020
-1.059
-1.020
-0.981
-1.020
-0.902
-1.020
-1.059
-1.020
-0.863
-1.098
-0.981
-1.020
-0.706
-0.863
-1.020
-0.902
-0.902
-0.941
-1.020
-0.981
-0.941
-0.039
-1.020
-1.059
-1.216
-0.941
-0.941
-0.981
-1.098
-0.902
-1.020
-0.824
-0.981
-0.941
-0.981
-0.981
-0.863
-0.902
-0.981
-1.020
-2.001
-2.236
-0.353
-2.001
-1.530
-1.098
-1.020
-0.981
-0.981
-0.981
-1.138
-0.941
-1.059
-0.902
-0.588
-0.941
-1.059
-0.902
-0.745
-1.020
2.864
-0.981
-0.902
-1.334
-1.844
-0.549
-1.216
-1.059
-0.902
-1.059
-1.020
-0.785
-1.569
-0.981
-1.255
-0.902
-0.941
-1.216
-1.020
-0.549
-0.981
-0.941
-0.981
-0.902
-1.255
-0.902
-0.941
-1.098
-0.902
-1.098
-0.902
-0.941
-1.177
-0.981
-0.902
-1.216
-0.981
-1.098
-1.530
-1.059
-1.059
-1.412
-0.824
-0.863
-0.902
-1.177
-0.745
-1.020
-0.902
-1.098
-1.648
-0.902
-1.020
-0.981
-0.981
-0.981
-0.981
-1.020
-1.098
-1.059
-1.098
-0.981
-0.863
-1.059
-1.059
-0.981
-1.020
-1.098
-1.059
-1.059
-0.941
-1.020
-0.706
-1.059
-1.098
-0.471
-1.138
-0.667
-2.903
-0.981
-1.020
-1.726
-1.098
-1.177
-1.138
-0.824
-0.902
-1.059
-0.824
-1.020
0.000
-3.256
-1.138
-0.863
-0.981
-1.608
-1.412
-1.098
-1.098
-0.863
-0.941
-0.785
-1.020
-0.941
-0.941
-0.981
-0.981
-1.020
-0.981
-1.294
-1.020
-0.902
-0.981
-0.981
-1.059
-1.020
-1.020
-1.020
-1.098
-1.059
-0.902
-0.353
-1.373
-0.902
-0.941
-1.491
-1.059
3.844
-1.059
-0.981
-0.824
-0.745
-0.941
-0.588
-1.020
-1.098
-1.020
-0.941
-0.981
-0.981
-1.294
-0.941
-1.020
-0.981
-0.981
-0.941
-1.059
-0.941
-1.020
-0.902
-0.941
-0.941
-0.981
-1.059
-0.941
-1.059
-1.020
-1.138
-1.098
-0.941
-1.059
-0.667
-0.667
-0.981
-1.098
-0.941
-0.941
-0.981
-0.785
-0.981
-0.941
-1.020
-1.098
-1.138
-1.020
-0.981
-0.902
-0.941
-0.941
-1.020
-1.255
-0.981
-0.824
-0.314
-0.941
-1.059
-1.216
-0.785
-1.098
-1.059
-0.981
-1.020
-1.098
-0.981
-0.981
-0.981
-0.941
-1.177
-0.981
-0.981
-0.941
-0.981
-0.941
-1.098
-1.059
-1.608
-0.745
-1.059
-0.902
-1.294
-1.608
1.648
-1.373
-0.981
-0.941
-1.020
-0.902
-0.902
-1.138
-0.981
-1.412
-0.706
-0.902
-1.059
-1.216
-1.098
-1.020
-1.138
-0.941
-0.941
-0.981
-0.981
-0.941
-0.941
-1.020
-0.667
-1.098
-1.020
-1.138
-1.530
-0.902
-0.510
-1.177
-1.177
-0.314
-1.098
-0.824
-1.020
-0.706
-0.902
-1.177
-1.098
-0.902
-0.902
-2.785
-1.059
1.177
-1.059
-1.020
-1.020
-1.059
-0.941
-1.373
-1.216
-1.059
0.118
-0.902
-1.059
-1.726
0.863
-1.687
-0.588
-0.667
-0.981
-1.412
-0.863
-0.745
-1.020
-0.353
-0.745
-0.431
-0.941
-0.628
3.530
-0.981
-0.863
-1.059
-0.863
-1.216
-1.020
-2.628
-1.098
-0.981
-1.177
-0.941
-1.451
-0.981
-1.138
-0.981
-0.745
-1.412
-1.020
-1.138
-0.118
-0.902
-1.294
-1.216
-1.138
-0.981
-1.059
-1.059
-0.981
-1.020
-0.981
-1.098
-1.059
-1.020
-1.020
-0.981
-1.020
-0.941
-0.981
-0.902
-1.138
-1.059
-0.941
-0.941
-1.059
-1.098
-1.020
-1.020
-0.981
-1.020
-0.981
-0.981
-0.902
-0.981
-0.941
-0.981
-0.863
-0.902
-1.138
-1.216
-0.981
-0.981
-0.981
-1.059
-1.020
-0.981
-1.020
-1.138
-1.020
-1.059
-1.020
-1.059
-1.059
-1.020
-1.020
-1.059
-0.981
-1.020
-1.020
-1.138
-0.981
-1.020
-1.098
-1.059
-1.098
-1.059
-0.981
-1.020
-1.020
-1.098
-0.941
-1.059
-1.334
-1.059
-0.628
-0.981
-0.981
-0.902
-0.549
-1.098
-1.020
-1.059
-0.981
-0.981
-0.981
-1.059
-1.020
-1.216
-0.785
-1.098
-1.216
-1.294
-1.098
-0.902
-0.785
-0.981
-1.334
-1.138
-0.902
-1.059
-1.373
-1.569
-1.294
-1.098
-1.844
-0.785
-0.941
-1.059
-0.981
-0.785
-1.020
-0.941
-0.941
-1.569
-0.981
-1.059
-1.059
-0.628
4.707
-1.098
-1.216
-0.902
-1.138
-0.941
-0.981
-1.138
-1.059
-1.098
-0.981
-1.020
-0.902
-1.177
-0.549
-1.020
-1.177
-0.981
-0.981
-2.628
-1.098
-1.059
-0.981
-1.373
-1.020
-0.981
-0.353
-1.020
-1.961
-0.863
-0.824
-1.216
-0.981
-0.314
-1.020
-0.196
-0.981
-1.020
-0.981
-0.941
-0.981
-0.628
-1.098
-0.902
-1.059
-0.745
-1.059
-0.902
-0.902
-1.412
-1.648
-1.098
-1.059
-0.706
-1.020
-1.530
-1.020
-1.491
-2.001
-0.667
-0.981
-1.138
-1.883
-0.510
-0.941
-0.196
-0.588
-0.981
-0.549
-0.863
-0.902
-0.431
-1.177
-1.216
-1.138
-0.824
-0.941
-1.255
-0.824
-1.491
-1.098
-1.020
-0.431
-0.039
-0.863
-0.824
-1.255
-0.078
-0.667
-0.941
-0.824
-2.393
-1.059
6.315
-1.020
-0.824
-1.255
-1.608
-0.824
-0.431
-0.353
-1.059
-1.373
-1.294
-0.902
-0.981
-1.020
-0.902
-0.588
-1.138
-0.981
-1.098
-0.941
-1.059
-0.902
-0.902
-1.059
-0.431
-1.177
-0.981
-0.706
-1.098
-1.608
-0.981
-0.902
-1.294
-1.059
-1.059
-0.941
-0.981
-1.216
-0.941
-1.098
-1.177
-0.981
-0.392
-1.098
-0.510
-1.059
-1.059
1.530
-0.902
-0.824
-0.902
-0.902
-1.569
-0.824
-1.020
-1.569
-0.941
-1.138
-0.628
-0.941
-1.020
-0.863
-1.451
-0.981
-1.059
-0.902
-1.020
-1.098
-0.549
-1.491
-0.902
-1.569
-0.981
-0.941
-0.785
-1.059
-0.941
-0.941
-1.020
-1.334
-0.628
-1.608
-0.981
-0.941
-0.824
-1.020
-1.216
-2.040
-1.608
-0.431
-1.334
-0.981
-0.941
-1.020
-0.941
-1.020
-0.902
-0.902
-0.941
-1.020
-0.941
-0.981
-0.941
-0.941
-1.020
-0.941
-0.941
-0.981
-1.020
-0.941
-1.020
-0.902
-0.941
-0.863
-0.981
-0.981
-0.941
-0.941
-0.941
-0.981
-0.941
-0.981
-0.941
-0.941
-0.941
-0.941
-1.020
-1.020
-0.981
-0.941
-0.902
-0.902
-1.020
-0.902
-0.902
-0.941
-0.863
-0.981
-0.981
-0.981
-0.824
-0.981
-0.941
-0.863
-0.981
-1.020
-0.981
-0.902
-1.059
-0.902
1.451
-0.471
-0.785
-1.020
-0.902
-0.941
-0.981
-0.981
-0.941
-0.941
-0.981
-0.981
-0.981
-1.020
-0.902
-0.941
-0.981
-1.098
-0.745
-1.177
-0.981
-0.667
-1.098
0.902
-0.981
-1.098
-1.020
-0.941
-0.941
-0.824
-0.981
-0.706
-1.059
-1.020
-0.941
-1.177
-1.059
-1.020
-1.059
-1.020
-0.941
-1.138
-0.863
-1.255
-0.706
-0.275
-0.981
-0.667
-2.079
-0.196
-0.745
-1.098
-0.941
-1.098
-0.902
-1.138
-0.902
-0.941
-1.961
-0.824
-0.471
1.098
1.922
4.825
5.962
7.924
9.297
8.591
-2.354
-10.670
6.512
1.922
-6.982
2.707
9.885
2.746
-6.198
-10.199
-2.079
4.040
9.101
5.413
0.392
-4.629
-9.061
-7.728
4.315
13.337
-8.512
4.040
3.334
-9.336
10.552
-7.257
-0.549
7.610
-13.219
8.120
-2.118
-3.177
9.257
-9.297
1.412
6.825
-9.885
6.943
1.059
-7.845
9.336
-6.315
-2.667
8.551
-9.061
0.157
5.884
-11.611
2.864
7.414
-11.336
0.981
5.492
-10.552
4.001
2.550
-10.395
1.922
8.081
-10.513
1.451
8.081
-7.610
-2.432
9.689
-2.707
-8.355
7.178
6.119
-11.140
-5.570
8.041
7.022
-4.629
-10.944
-11.258
-8.473
-6.198
-3.020
-0.471
2.746
9.414
10.120
0.745
-10.748
2.079
10.474
-9.532
-2.707
4.393
-11.729
7.335
-8.081
2.079
2.393
5.178
-6.904
5.452
-6.825
4.433
-11.062
2.197
1.883
-7.806
8.551
-12.003
3.687
-3.256
0.431
8.081
-5.962
3.727
-12.670
-1.059
-2.197
-4.315
6.119
-7.806
10.513
-4.825
2.707
-2.785
-3.570
4.080
-9.689
6.512
-9.375
13.337
-8.669
5.139
-8.120
6.747
-5.335
6.708
-9.532
12.199
-6.669
5.845
-8.591
1.530
2.314
-3.138
4.080
-12.043
10.474
-7.532
7.100
-9.257
12.317
-9.728
5.452
-6.355
-0.902
-2.157
0.510
1.491
-4.433
-1.961
-9.257
8.120
-10.709
5.688
-6.590
12.043
-9.571
3.923
1.922
1.922
2.079
-11.650
9.532
-9.571
10.944
-8.394
8.394
-10.630
7.532
-9.728
8.355
-9.061
-0.118
7.218
-9.061
-4.864
7.571
3.413
-7.649
-10.042
-7.649
-2.001
6.943
11.807
6.355
-8.865
-5.923
8.551
-1.844
-4.119
12.396
-11.258
11.336
-8.551
8.591
-10.042
6.315
-3.295
9.140
-10.787
2.040
-5.335
-13.337
4.080
-11.690
7.610
-5.021
5.609
1.765
3.334
7.061
-5.413
6.786
-12.631
4.629
5.374
-7.022
9.375
-7.061
-0.824
8.041
-10.827
0.118
-4.197
-10.866
-4.825
9.454
-9.336
4.982
4.825
-7.414
3.962
2.197
-9.179
9.885
-1.216
-5.649
7.414
-9.924
5.531
-0.196
-7.296
7.688
-10.277
1.177
7.061
-7.296
6.786
-11.729
5.335
-9.336
7.571
-10.552
-2.628
6.394
-5.962
-10.787
-4.158
1.922
8.081
9.728
10.003
6.159
-2.707
-8.748
1.255
12.474
-8.277
5.099
6.276
-8.041
7.100
-8.826
6.394
-10.748
12.356
-7.061
-6.669
3.530
-9.689
16.671
-9.924
7.806
-8.434
7.022
-9.964
11.807
-13.612
6.355
-5.649
4.001
-5.374
2.824
-3.687
-3.060
2.314
-3.609
4.393
-8.591
15.651
-14.357
6.708
-9.493
0.510
-14.318
4.550
5.570
2.864
-13.062
1.844
-5.296
4.825
-6.982
-3.060
-0.745
-6.355
6.551
-8.355
14.043
-6.669
-13.337
6.865
-0.471
-15.926
3.923
-2.393
-8.277
10.081
-7.453
0.706
0.745
-3.530
-2.824
4.982
-12.670
9.650
0.981
-11.611
-2.785
7.688
6.315
-3.766
-9.336
9.611
6.237
-9.964
7.845
-6.002
2.432
1.294
7.257
-2.628
1.059
-3.020
-4.590
8.394
-10.944
9.650
-7.845
-0.314
9.179
-12.631
-4.825
5.570
7.688
-4.550
-6.041
-10.081
-9.375
-10.983
-7.885
-8.944
-13.729
-5.296
2.197
-2.432
-3.962
-8.551
-15.141
12.082
4.864
3.962
-20.006
-19.731
-3.177
2.236
3.883
4.786
5.139
14.592
-7.963
-9.061
7.100
-2.707
-5.099
5.570
-12.043
0.706
5.570
2.393
-20.006
-17.338
11.650
3.687
-1.961
20.006
-2.432
7.375
4.903
1.726
6.825
1.255
20.006
20.006
8.708
4.707
-3.844
-17.495
1.177
13.455
-18.593
-12.553
1.059
-8.277
-11.768
-8.630
-8.394
3.217
-3.844
-9.493
-5.335
-17.534
11.611
-6.315
-15.887
1.687
11.101
-7.492
-6.786
-11.925
9.924
7.806
-10.474
-17.417
-8.708
-3.962
3.256
-2.707
-18.240
-12.199
-0.392
1.922
-7.963
-14.318
-12.513
9.924
-6.394
-4.864
-20.006
-12.199
-12.435
-0.275
4.315
-12.043
-13.612
-14.435
-7.610
9.140
8.198
-2.550
-9.650
-18.280
-10.160
-19.692
-18.593
-15.612
-8.355
-7.963
-9.061
8.473
-8.159
-9.218
12.317
-16.004
1.373
1.294
8.551
-16.632
-5.727
-5.766
-15.534
-2.864
-9.807
-20.006
-8.277
-7.453
-6.080
12.082
19.535
19.927
0.039
-7.061
-20.006
-8.198
-8.708
-2.314
-7.022
0.118
-1.451
2.511
19.653
5.609
8.748
-4.903
-1.294
-5.296
12.631
-19.692
12.239
-0.392
3.138
1.216
-17.338
-12.866
-6.276
14.239
5.296
-6.551
-9.571
11.140
-3.923
-16.475
7.649
3.413
-8.434
1.961
1.059
-9.964
4.158
-4.903
-2.236
16.750
3.060
7.963
-0.745
17.142
10.042
-7.022
10.983
6.982
-12.082
-11.650
17.927
9.375
-1.294
-1.216
15.808
-5.178
1.961
8.787
-6.237
3.334
-1.098
-10.042
4.864
-11.925
9.532
-12.474
-5.296
-4.472
-10.709
5.766
-9.297
-1.059
4.236
-13.612
4.825
16.828
-9.140
-7.414
-2.118
-3.060
4.433
5.296
3.766
3.295
2.550
-5.531
-9.689
-0.157
12.553
-7.022
-4.197
5.609
-12.121
7.924
-8.198
-6.512
8.081
6.865
-0.471
-5.021
-7.610
-6.747
-6.825
-7.453
-8.669
-9.140
-9.846
-5.688
5.296
10.513
-4.080
-8.434
6.551
6.865
-7.532
-9.846
-3.334
2.118
7.453
9.964
8.277
2.511
-9.022
-1.608
9.179
-8.238
11.180
-10.120
4.629
-0.941
-11.023
-8.669
9.140
-12.945
-6.472
-7.610
3.609
5.806
6.629
9.140
6.276
-2.550
4.080
4.864
5.413
8.826
-1.804
-7.845
-12.788
-18.633
-9.218
-7.414
-2.942
9.689
-2.236
5.609
14.828
1.648
9.218
5.178
5.021
-6.865
-12.082
-10.552
-13.455
-10.081
-12.631
-4.158
-4.197
2.471
4.590
-2.471
0.588
-1.373
-0.235
-13.023
-8.316
-14.749
-2.550
3.766
6.198
3.609
-3.962
-1.098
-10.787
-6.237
-15.338
-6.982
6.355
-4.668
11.454
3.099
5.962
0.471
15.926
3.883
4.158
6.080
1.177
-0.392
-1.255
7.178
-11.336
-3.805
7.845
3.962
-0.471
-10.670
-6.786
5.374
-9.611
-20.006
-7.610
5.649
-6.982
-9.571
4.825
-1.255
-11.023
4.472
9.218
-11.454
-5.806
4.668
5.492
-9.885
-7.218
-12.003
-6.276
-5.492
1.334
1.961
-2.157
1.177
-7.571
-8.277
-9.297
-19.143
-11.219
-8.002
3.334
4.511
-11.964
-16.593
-9.924
-2.707
13.651
-2.785
-11.572
-14.906
-1.844
-6.708
-7.296
-11.533
0.824
0.706
-6.669
-15.808
-4.236
7.022
-3.491
-11.180
1.804
-4.001
-13.455
-11.729
9.336
3.609
-11.729
0.745
7.649
-15.416
-5.884
-0.824
-11.140
-10.513
-1.294
7.414
1.216
5.139
4.550
2.824
6.159
6.825
16.201
4.825
-10.277
-6.708
1.216
-4.040
-9.964
9.767
-10.199
1.098
4.472
-10.787
-2.746
9.375
8.041
0.981
-5.296
-8.904
-9.885
-10.474
-10.748
-9.885
-10.003
-9.885
-9.611
-9.924
-9.728
-9.650
-9.493
-9.885
-9.767
-9.257
-6.002
-1.726
4.197
9.257
9.885
2.550
-7.335
-9.728
-3.020
6.982
7.924
-3.413
-11.846
-1.334
10.120
0.785
-8.708
0.392
8.591
-5.688
-4.590
9.140
-7.885
-0.118
5.452
-11.846
7.335
-6.276
0.863
0.000
-3.099
-0.314
-0.902
-2.471
0.118
-5.609
10.827
-8.787
2.118
1.334
-10.787
0.745
11.690
-8.826
-11.533
5.217
3.844
-8.708
-11.376
2.197
6.276
-2.354
6.237
-9.101
-12.749
-6.786
4.158
-1.608
-11.729
-7.139
7.532
-3.452
0.941
-13.376
16.750
-6.904
-10.317
6.198
-0.275
-2.707
-5.021
-4.864
-17.652
-0.902
-0.431
-7.178
-0.549
-0.275
5.060
-5.217
-17.574
8.238
15.181
-2.118
-9.297
-9.257
-3.883
3.923
7.335
0.667
-7.610
-9.924
-6.472
-8.159
-1.294
2.785
8.277
5.413
-3.766
-9.689
-20.006
-11.729
-7.335
-3.138
4.864
2.354
3.923
-6.669
-12.317
-0.667
2.981
6.786
-2.785
-4.943
-8.394
4.668
1.177
8.983
-11.219
-12.043
0.157
9.650
-1.412
-8.081
-5.923
7.806
6.943
-4.943
-13.494
2.628
-1.020
-9.611
-6.394
13.533
-7.649
-1.059
9.885
-12.239
3.060
-4.864
-2.118
-0.667
2.079
-6.982
6.825
-9.218
-1.804
8.041
-3.766
-10.160
-3.962
3.217
8.473
9.689
8.277
8.669
9.571
9.140
8.826
9.257
9.297
9.571
9.611
9.767
8.081
-0.863
-8.473
-2.197
11.297
-10.434
1.059
-3.256
10.003
1.530
-1.059
-10.042
13.180
-11.258
-2.236
7.178
-2.628
-11.729
1.804
6.355
0.000
-11.336
-11.258
-8.983
-1.687
0.785
8.787
20.006
14.239
-10.434
-9.532
-17.064
-9.218
-0.275
-2.197
-10.866
-9.297
-8.669
5.217
4.158
6.041
2.942
5.099
-13.572
-14.514
-7.296
-1.765
4.236
15.651
5.884
-1.177
-1.569
8.865
15.455
7.139
2.275
10.238
6.119
4.550
0.235
7.335
8.865
9.493
7.296
-2.471
3.295
5.452
1.177
7.335
4.943
2.903
-5.217
-3.962
3.766
-1.569
-0.353
0.196
17.299
6.080
7.924
4.590
7.688
-3.177
2.824
4.629
-3.530
-5.727
-8.316
-6.237
-8.081
-13.886
-4.825
2.471
1.765
6.355
7.688
4.080
5.217
13.769
3.373
1.844
7.728
4.707
4.354
4.707
2.432
-4.158
-4.825
-0.157
10.317
-3.923
-6.276
-10.317
-10.748
-10.474
-5.139
-6.982
-0.667
-2.001
-0.118
4.590
3.334
-2.432
5.060
15.377
0.118
5.374
13.494
17.848
0.706
-0.706
-7.414
-3.256
-2.275
1.098
1.294
-5.609
5.452
-0.314
3.177
-3.570
-2.471
-1.844
-10.277
-12.160
-6.159
-7.571
-5.099
0.510
2.118
6.355
11.454
6.708
4.354
7.649
1.804
-0.275
-8.473
-8.081
-7.610
-9.885
-11.886
-11.140
-10.905
-3.491
-3.805
5.688
8.904
7.257
6.394
3.805
10.434
3.805
11.180
9.728
3.373
5.217
19.417
11.297
6.629
15.691
7.178
-0.235
-2.667
0.549
14.788
3.570
-7.453
3.177
-3.570
-8.591
-6.355
-11.140
-6.433
-13.612
0.941
-1.883
-1.765
0.863
3.923
-20.006
-6.237
-13.808
-11.180
-10.474
-12.043
-6.041
-1.491
-3.177
4.590
0.353
3.060
11.846
8.198
8.748
6.865
3.060
7.061
5.806
9.493
-1.412
8.002
5.923
5.688
-0.157
4.668
6.590
2.393
-9.493
-15.730
-10.866
-9.179
-13.415
-7.963
-10.827
-14.945
-9.493
-9.061
-4.080
-2.314
4.903
20.045
-1.412
12.121
-5.570
8.316
6.590
5.727
-8.551
-2.471
-10.277
-8.708
-11.533
-10.356
-9.297
-7.414
1.765
-2.079
0.431
7.296
8.904
0.039
-19.927
-9.022
0.471
1.255
-8.316
4.276
0.628
-8.983
20.006
-10.160
8.904
-9.140
-1.451
1.255
-6.041
12.670
-7.728
-2.550
3.177
-15.573
4.393
7.688
-5.531
-9.846
-3.217
3.727
8.983
9.218
3.138
-6.708
-6.355
7.767
-8.159
-4.590
8.434
-9.924
10.474
-6.982
1.255
6.433
-18.946
1.020
4.511
-11.690
-1.961
6.472
-4.236
-11.454
-10.199
-4.080
-2.785
-0.392
14.945
10.983
5.256
5.649
-0.353
2.157
1.059
-1.569
-0.157
5.099
-8.238
1.412
-2.236
-3.491
-2.785
-1.491
1.608
3.217
5.413
7.571
0.314
6.119
4.433
5.374
9.689
1.373
-0.118
-1.491
5.335
3.138
5.492
9.454
0.706
-9.885
-9.414
-7.532
-8.434
-12.906
-12.160
-9.336
-11.140
-2.746
-5.452
13.651
-1.844
-9.375
-9.924
0.706
3.334
-14.710
7.218
6.904
-11.023
10.944
-10.238
2.785
-6.865
4.236
-11.533
7.571
-7.571
-4.707
7.728
-1.373
-11.886
-0.941
9.493
5.884
-5.099
-10.356
-4.786
5.296
10.003
7.022
1.687
-5.099
-9.336
-10.513
-9.571
-7.571
-5.256
-2.432
-0.196
1.020
1.608
1.412
1.255
1.569
1.451
1.765
1.255
1.138
1.608
1.491
0.941
2.118
1.687
1.451
1.177
0.510
-0.314
-0.863
-1.530
-1.844
-1.765
-2.314
-3.256
-4.001
-4.590
-5.217
-5.649
-5.099
-5.099
-4.943
-5.217
-5.256
-5.374
-4.825
-3.609
-2.393
-0.588
2.628
6.041
8.512
9.728
9.414
7.375
5.609
3.491
4.746
4.119
5.335
4.707
4.825
5.178
4.943
4.943
4.903
4.825
5.060
5.217
4.943
5.178
4.825
4.982
4.825
5.060
5.335
4.668
4.550
5.335
5.374
5.492
5.374
4.903
4.864
5.531
4.943
5.178
4.746
5.452
4.903
5.452
5.531
4.707
5.531
5.806
5.492
5.492
4.629
4.511
5.688
5.492
4.590
4.786
5.296
5.178
5.178
5.060
5.021
4.982
4.943
6.472
7.571
8.081
9.022
9.689
9.257
7.296
4.354
0.353
-4.119
-7.296
-10.042
-9.846
-8.748
-4.119
2.981
7.061
9.650
7.885
3.570
-2.236
-5.649
-9.140
-10.317
-9.571
-7.610
-4.629
-0.275
4.197
7.375
10.474
9.885
9.728
9.532
9.454
9.571
9.257
9.297
10.591
10.003
9.964
9.454
9.728
10.003
9.728
9.728
9.767
10.199
8.277
5.962
3.844
0.118
-5.021
-8.277
-10.277
-9.611
-6.041
-0.157
6.237
10.983
-1.451
-8.434
7.649
-1.608
-7.296
4.354
-9.336
6.708
-9.611
5.099
-3.727
-5.962
7.963
-10.944
-0.981
3.844
-11.611
4.982
1.648
-8.041
6.904
-8.512
-1.804
-1.020
0.510
-8.944
6.080
-10.474
-0.275
9.257
0.235
-10.552
-10.787
-9.375
-5.766
-2.001
2.079
5.570
8.081
9.650
9.924
8.512
4.864
-0.078
-4.040
-8.277
-9.493
-6.825
0.118
7.963
9.140
2.393
-9.689
-7.375
6.708
7.688
-5.688
-5.021
9.297
-3.295
-4.982
9.728
-10.513
11.258
-10.905
8.081
-7.767
6.512
-2.511
-1.804
4.825
-2.628
-3.491
3.099
6.355
-7.100
-12.082
4.982
8.591
-1.804
12.356
1.216
-12.827
-15.848
-1.648
-11.415
-12.709
-10.748
-8.041
-9.650
5.452
-0.196
8.551
-0.039
-0.981
8.787
-6.904
-6.159
-9.493
-7.335
-1.334
4.354
4.943
-1.491
-15.102
-7.414
-15.063
-2.785
-1.373
5.923
-0.235
-11.336
-6.904
8.708
-2.550
-9.493
0.471
3.805
-2.511
0.863
-0.431
0.981
1.608
-9.689
5.139
-12.239
7.728
-16.475
16.554
-6.747
8.826
-6.982
8.081
-13.219
0.785
-2.118
-4.080
5.099
-14.043
7.453
-5.256
4.276
-1.020
-9.336
8.983
-11.807
6.786
-2.511
-8.904
9.061
-1.373
-12.160
5.923
4.119
-9.454
-3.570
10.356
-6.315
-7.688
8.434
2.393
-9.532
2.471
8.904
-6.590
-3.883
10.081
-5.256
-7.610
8.787
-3.334
-6.119
9.532
-6.747
1.530
4.158
-9.611
8.041
-9.414
9.571
-11.729
10.748
-9.807
8.983
-6.708
-6.825
-2.707
-12.003
-4.276
6.002
1.138
-7.139
-11.886
-9.964
-3.020
0.941
18.593
20.006
8.983
0.118
-0.275
-8.787
-12.199
-17.377
-11.376
-1.412
20.006
2.275
11.533
3.295
-9.257
-8.238
-10.434
7.257
9.728
-11.336
-9.846
17.417
-5.452
-6.943
-4.590
-9.846
-4.158
8.473
-13.769
11.297
-0.471
-0.196
13.062
-7.806
7.453
4.707
-9.454
7.218
-12.709
1.255
2.707
-7.257
7.845
-10.591
5.766
-7.532
3.530
-10.944
5.962
-4.903
-6.394
12.513
-3.805
-10.827
-7.492
-2.157
2.707
2.864
2.393
2.197
2.157
2.040
2.157
2.157
2.118
2.275
2.118
2.197
2.314
2.236
2.001
2.118
2.236
2.040
2.157
1.804
2.550
3.491
4.864
6.276
8.120
9.414
10.709
8.551
4.786
-0.628
-7.375
-9.493
-7.649
0.745
8.473
8.865
0.785
-6.825
-9.532
-2.903
7.257
9.807
4.668
-4.472
-10.003
-4.943
4.472
10.709
7.492
0.196
-7.728
-9.767
-6.708
1.373
8.708
9.807
5.492
-0.863
-6.865
-10.120
-8.159
-4.315
2.314
7.414
9.924
8.826
3.962
-1.491
-7.532
-9.493
-9.767
-5.845
-0.157
7.022
9.767
4.982
-3.962
-10.081
-7.139
2.118
9.375
6.394
-2.707
-9.767
-5.256
7.022
8.669
-2.157
-10.944
-4.236
8.512
6.747
-9.218
6.080
-5.531
-10.670
-7.728
1.020
8.591
7.610
-1.961
-9.375
-7.375
3.766
10.277
4.276
-7.257
-8.551
3.570
10.277
1.961
-9.297
-8.277
4.080
9.061
-1.765
-11.219
-2.550
9.689
4.433
-9.807
-6.315
6.629
6.276
-8.120
-7.649
7.414
7.139
-8.238
-8.434
7.257
6.394
-8.708
-5.923
8.120
4.511
-8.355
-4.668
6.786
0.235
-10.199
-1.804
10.630
-2.471
-10.042
2.314
7.100
-8.159
-6.982
7.767
2.432
-10.434
0.000
9.375
-5.413
-8.316
9.140
4.786
-10.356
-4.825
9.964
0.785
-11.611
-1.451
9.650
1.491
-9.336
-4.393
8.120
4.629
-6.786
-6.159
6.355
8.394
-4.080
-10.591
-0.745
9.454
4.276
-7.532
-10.042
4.040
10.670
-0.275
-9.493
-5.845
4.943
9.571
0.353
-9.257
-4.354
5.256
8.865
-1.373
-9.140
-5.178
7.453
8.983
-0.275
-9.611
-5.923
6.943
8.120
-2.707
-10.042
-4.001
7.492
6.590
-4.982
-10.395
0.706
9.885
1.373
-10.042
-4.864
9.061
6.708
-6.786
-7.022
4.629
8.630
-2.197
-10.866
0.078
10.277
0.824
-10.160
-2.785
8.159
4.590
-9.650
-5.217
7.257
5.923
-8.316
-6.472
7.532
6.943
-7.728
-8.473
5.649
8.551
-5.099
-7.453
4.668
7.571
-5.492
-8.944
4.197
9.061
-4.511
-10.042
3.413
7.218
-7.100
-4.943
7.610
0.353
-9.140
3.452
7.453
-11.493
-2.471
10.003
-7.296
-5.060
10.944
-7.649
-4.668
6.512
-9.336
6.786
2.157
-8.316
10.238
-8.944
4.629
-2.314
-4.197
9.218
-12.513
10.160
-8.041
5.021
-5.335
2.824
1.961
-1.648
0.588
-0.314
0.431
-4.433
2.432
-0.863
0.588
1.765
-3.727
4.668
-12.984
9.532
-9.297
5.374
-8.591
5.884
-10.160
2.511
0.000
-8.551
9.689
-9.375
1.687
6.394
-10.395
7.806
-0.471
-4.864
11.768
-5.884
-7.178
9.924
-8.041
-2.040
9.493
-6.551
-4.982
11.297
-2.746
-8.081
8.512
3.099
-9.846
1.726
9.493
-5.609
-6.315
7.610
4.276
-10.238
-2.589
9.375
-5.139
-6.159
4.864
7.139
-9.297
-4.276
9.924
4.119
-10.748
-3.805
9.728
-1.255
-11.493
0.824
9.061
-2.157
-10.748
2.511
9.689
-2.824
-8.591
4.236
10.356
-4.433
-9.257
3.766
8.748
-3.883
-8.591
4.707
8.277
-5.845
-8.944
6.551
6.551
-8.081
-5.688
7.728
6.433
-6.747
-7.728
8.002
6.041
-10.042
-4.550
7.963
5.727
-8.159
-6.512
8.238
6.551
-7.610
-6.002
7.414
7.610
-6.512
-8.120
4.511
8.081
-1.883
-10.238
-2.746
7.571
7.178
-4.668
-9.728
-2.236
7.767
8.826
0.471
-8.081
-8.826
-2.589
7.375
9.807
4.158
-5.296
-10.317
-8.904
-1.530
4.472
8.473
8.944
4.197
-2.471
-8.041
-9.924
-6.747
-1.648
4.197
8.120
10.042
8.551
2.864
-1.648
-7.335
-9.611
-10.238
-7.296
-3.138
1.922
6.982
8.865
9.689
8.355
4.236
-0.824
-5.296
-8.512
-10.003
-9.493
-7.571
-4.472
-0.471
3.687
6.943
9.336
9.964
9.022
6.865
4.433
0.118
-3.609
-6.433
-8.983
-10.434
-9.728
-8.238
-4.825
0.549
7.178
10.042
7.178
-2.314
-8.669
-9.336
0.863
9.336
6.119
-6.237
-8.473
0.078
11.101
3.217
-8.669
-4.236
7.414
7.375
-9.061
-4.629
11.023
-1.883
-8.473
9.650
-5.021
-4.472
8.944
-9.257
4.786
-4.119
2.118
-0.196
-4.001
12.082
-5.452
5.845
-7.296
7.257
-6.119
6.943
0.745
-8.512
10.983
-7.022
13.180
-11.297
9.414
-9.846
2.079
-2.197
-6.747
10.081
-9.964
7.100
-5.884
4.433
-0.157
-8.708
7.139
-8.904
-2.393
9.179
-12.043
5.178
-4.943
-7.296
8.904
-11.690
1.373
3.648
-12.906
5.531
-9.297
-0.275
-1.138
-1.059
3.295
-8.316
11.297
-12.827
6.276
-9.297
-1.804
-0.824
-7.453
6.865
-14.082
0.941
-10.003
0.196
6.315
-12.356
9.022
-1.412
-5.452
11.807
-12.631
10.160
-6.865
-4.236
4.040
-10.630
9.454
-14.357
4.550
-7.492
8.708
-11.023
8.865
-9.414
2.746
-6.433
1.412
0.235
-10.395
6.394
-7.100
11.846
-12.199
7.375
-13.572
8.983
-5.452
-4.001
7.139
-9.532
-0.431
9.336
-5.688
-8.434
6.825
2.589
-10.042
0.235
10.317
-7.178
-7.178
6.669
4.276
-10.670
7.022
5.923
-9.650
0.471
5.962
-9.257
5.452
-0.588
-7.610
10.356
-8.748
-5.688
0.667
-20.006
-20.006
10.709
-6.512
-7.022
7.218
10.356
-4.903
-10.591
-10.866
-9.454
-8.355
-8.198
-8.512
-8.473
-8.787
-9.022
-8.473
-8.394
-7.924
-7.218
-5.923
-3.805
-1.765
1.294
4.393
7.100
9.257
10.003
8.512
3.099
-2.314
-12.435
-5.452
6.237
8.669
-2.589
-10.120
3.256
8.787
-1.804
-10.983
0.824
13.494
-2.040
-6.315
8.355
-0.078
-11.376
8.355
1.216
-10.513
7.257
1.687
-11.964
2.785
4.354
-11.023
9.140
-4.511
-7.335
7.924
-7.218
3.727
-3.099
-7.453
3.805
-4.707
11.297
-7.218
4.746
-5.845
6.747
-10.434
8.316
-9.297
-1.608
-7.218
-2.197
-1.138
-9.728
11.101
-6.865
9.650
-4.080
-3.727
14.867
-6.198
1.412
4.393
-15.730
14.671
-6.512
-10.630
3.609
-12.945
0.588
6.629
-9.689
7.100
0.667
-8.748
4.746
-2.471
-3.491
-0.706
-6.119
6.433
-7.218
3.883
-0.824
-7.257
9.611
-3.373
-10.003
-0.824
8.787
7.218
1.020
-4.864
-6.237
-10.317
-9.885
-7.610
-1.098
6.747
7.924
1.451
-8.630
-3.373
12.592
-1.255
-18.829
7.139
-2.511
-8.394
8.708
-11.454
7.492
-4.236
-0.275
-5.256
-4.629
5.727
-11.101
5.570
-9.767
8.159
-3.844
0.706
1.294
-10.238
-2.746
-3.727
-0.196
-2.707
-3.609
3.805
-10.866
5.452
-10.905
1.883
3.099
-8.983
4.943
-5.531
-11.925
8.473
-12.670
-2.118
6.355
-9.807
-2.040
2.942
-11.925
5.492
-1.177
-6.865
10.003
-7.022
0.667
2.824
-13.847
7.296
6.825
-7.414
3.099
-4.433
-6.982
9.140
-8.944
-0.902
3.020
-5.766
-3.413
1.216
-7.571
0.588
-5.570
-12.631
9.140
-5.139
-1.098
-3.256
-6.865
3.373
-4.786
-2.236
9.297
-9.297
0.275
8.748
-4.393
-10.827
-4.825
3.648
10.120
6.825
0.000
-8.355
-5.845
3.491
2.314
-11.258
2.667
0.549
-10.591
10.199
-8.787
1.961
0.157
-5.452
3.609
-5.845
5.806
-4.903
-2.001
2.746
-5.021
5.139
-12.199
4.668
-18.397
7.688
-5.570
11.454
-0.078
-12.592
4.433
-10.003
8.002
-4.080
-3.491
5.531
-10.317
5.139
-4.119
-6.825
6.708
-9.336
7.963
-13.062
2.236
1.138
-10.670
3.923
-11.729
3.177
-6.394
-8.512
11.140
-13.062
8.669
-8.394
3.648
-9.846
9.807
-11.611
7.061
1.530
-8.473
-3.766
8.434
-6.865
-9.767
5.531
9.297
-4.707
-10.670
-0.981
9.650
6.080
-3.373
-10.591
-6.669
2.707
8.787
9.571
8.316
7.139
6.002
3.923
1.726
-1.530
-4.276
-6.237
-7.688
-9.022
-10.081
-9.807
-7.885
-3.883
3.530
10.120
8.394
-1.334
-7.414
-10.238
-6.433
0.628
6.198
8.630
9.807
9.650
8.394
8.238
10.081
9.061
9.022
9.297
9.257
8.591
9.336
9.375
9.101
9.297
9.257
9.179
9.454
9.101
9.179
8.983
9.061
9.493
9.375
9.532
9.650
9.140
9.257
9.218
9.297
9.336
9.297
9.179
9.101
9.218
9.218
9.179
9.179
9.179
9.297
9.179
9.179
9.218
9.179
9.218
9.179
9.218
9.218
9.257
9.218
8.551
9.218
9.336
9.257
9.218
9.257
9.218
9.140
9.257
9.101
9.179
9.179
9.218
9.179
9.218
9.179
9.218
9.179
9.179
9.218
9.218
9.179
9.532
9.140
9.218
9.101
9.179
9.101
9.179
9.179
9.179
9.218
9.218
9.179
9.140
9.257
9.179
9.179
9.179
9.218
9.218
9.140
9.218
9.257
9.179
9.179
9.101
9.179
9.179
9.179
9.257
9.2                                                                                                                                                                                                                                                                                                                                                                                                                                                                                                                                                                                                                                                                                                                                                                                                                                                                                                                                                                                                                                                                                                                                                                                                                                                                                                                                                                                                                                                                                                                                                                                                                                                                                                                                                                                                                                                                                                                                                                                                                                                                                                                                                                                                                                                                                                                                                                                                                                                                                                                                                                                                                                                                                                                                                                                                                                                                                                                                                                                                                                                                                                                                                                                                                                                                                                                                                                                                                                                                                                                                                                                                                                                                                                                                                                                                                                                                                                                                                                                                                                                                                                                                                                                                                                                                                                                                                                                                                                                                                                                                                                                                                                                                                                                                                                                                                                                                                                                                                                                                                                                                                                                                                                                                                                                                                                                                                                                                                                                                                                                                                                                                                                                                                                                                                                                                                                                                                                                                                                                                                                                                                                                                                                                                                                                                                                                                                                                                                                                                                                                                                                                                                                                                                                                                                                                                                                                                                                                                                                                                                                                                                                                                                                                                                                                                                                                                                                                                                                                                                                                                                                                                                                                                                                                                                                                                                                                                                                                                                                                                                                                                                                                                                                                                                                                                                                                                                                                                                                                                                                                                                                                                                                                                                                                                                                                                                                                                                                                                                                                                                                                                                                                                                                                                                                                                                                                                                                                                                                                                                                                                                                                                                                                                                                                                                                                                                                                                                                                                                                                                                                                                                                                                                                                                                                                                                                                                                                                                                                                                                                                                                                                                                                                                                   00

0.000

0.000

0.000

0.000

0.000

0.000

0.000

0.000

0.000

0.000

0.000

0.000

0.000

0.000

0.000

0.000

0.000

0.000

0.000

0.000

0.000

0.000

0.000

0.000

0.000

0.000

0.000

0.000

0.000

0.000

0.000

0.000

0.000

0.000

0.000

0.000

0.000

0.000

0.000

0.000

0.000

0.000

0.000

0.000

0.000

0.000

0.000

0.000

0.000

0.000

0.000

0.000

0.000

0.000

0.000

0.000

0.000

0.000

0.000

0.000

0.000

0.000

0.000

0.000

0.000

0.000

0.000

0.000

0.000

0.000

0.000

0.000

0.000

0.000

0.000

0.000

0.000

0.000

0.000

0.000

0.000

0.000

0.000

0.000

0.000

0.000

0.000

0.000

0.000

0.000

0.000

0.000

0.000

0.000

0.000

0.000

0.000

0.000

0.000

0.000

0.000

0.000

0.000

0.000

0.000

0.000

0.000

0.000

0.000

0.000

0.000

0.000

0.000

0.000

0.000

0.000

0.000

0.000

0.000

0.000

0.000

0.000

0.000

0.000

0.000

0.000

0.000

0.000

0.000

0.000

0.000

0.000

0.000

0.000

0.000

0.000

0.000

0.000

0.000

0.000

0.000

0.000

0.000

0.000

0.000

0.000

0.000

0.000

0.000

0.000

0.000

0.000

0.000

0.000

0.000

0.000

0.000

0.000

0.000

0.000

0.000

0.000

0.000

0.000

0.000

